22 3 45 6 2 28 18 42 36 47 17 44 40 12 39
13 14 22 45 1 7 42 32 11 27 44 43 41 17 4
20 50 12 47 6 29 32 9 14 50 46 34 38 12 49
0 45 35 16 44 43 19 36 25 29 49 20 26 2 6
41 27 29 32 3 14 23 19 17 44 24 17 47 28 24
23 13 22 49 28 19 3 0 6 19 50 36 28 15 47
43 22 35 30 5 3 0 5 27 13 49 2 38 27 47
20 3 32 2 42 19 3 50 32 42 9 8 23 22 38
15 33 16 17 45 28 31 6 18 13 35 18 50 28 36
23 5 45 9 39 49 35 45 15 41 32 2 12 26 49
25 4 18 37 40 45 2 46 45 5 3 31 42 20 37
47 35 19 39 29 0 20 34 1 40 13 37 37 23 1
34 26 12 37 33 3 50 15 38 42 15 31 50 28 29
2 9 6 20 17 32 40 35 4 19 40 1 16 39 6
1 27 21 6 16 18 1 8 9 41 38 8 25 49 18
