36 24 28 11 48 42 13 31 27 33 2 34 27 2 31
3 10 38 35 33 4 26 27 16 38 20 2 49 6 22
26 47 34 36 24 44 24 2 45 47 15 19 41 32 47
3 1 28 14 12 28 36 44 50 22 31 32 29 39 40
15 6 7 16 20 45 23 6 29 15 5 37 10 48 3
7 23 14 46 33 24 25 41 46 39 12 31 33 43 26
32 40 37 27 14 39 1 36 3 47 6 11 41 0 3
1 49 17 1 7 47 46 37 18 27 32 11 5 17 28
11 46 37 8 50 3 44 39 30 44 31 7 30 34 45
8 10 46 8 43 9 12 11 17 42 49 16 22 5 30
7 16 13 41 13 30 50 44 19 9 32 31 24 26 39
45 20 15 16 19 19 40 1 15 28 47 6 50 28 6
0 35 47 14 39 41 28 3 10 40 13 10 5 47 4
45 19 29 36 19 42 28 17 11 8 37 13 22 28 31
15 21 13 9 2 45 12 12 41 40 15 47 41 15 42
